1111111001000101001111111
1000001011001001001000001
1011101001110011101011101
1011101001100010101011101
1011101011000111001011101
1000001001110111101000001
1111111010101010101111111
0000000000101101100000000
1010101000001110000010010
0011100010000110101001001
1001001100011110111010011
1110110110001111000101000
0101001011011100011101011
0101100101111010101001011
1001011011011000000100111
0101010010001110011110011
1001101001110010111111000
0000000011110000100011001
1111111001100101101010111
1000001001010001100010000
1011101011101000111111011
1011101000111101000010000
1011101010111011010110101
1000001001001111111010010
1111111011110011100011011
